latency 10.0 100 1883 1770 1817 1777 2065 1403 2021 1551 1869 1677 2015 2264 1942 2437 1790 1800 1567 1638 1852 1841 1832 2131 1969 2996 1701 2204 1546 1613 2221 2215 3559 1987 1414 1495 1946 1535 2066 2273 1766 2093 1496 1504 1590 1894 1717 2023 1939 2908 1450 2600 1830 4145 3286 2006 1501 2228 1632 2277 1840 1657 1840 1796 1740 1834 1469 1905 1959 1673 1765 3690 1977 4363 1346 1840 1778 1839 2282 1626 1667 5743 5841 1801 1540 1546 4592 2144 1889 1790 2082 1994 1633 2096 2122 2147 1602 1760 1722 3241 2094 1661
latency 15.0 99 1436 1696 1602 1958 2300 2061 2069 1503 2009 1897 1864 2762 1796 3118 1943 1990 2229 1566 2404 2047 2041 1829 2296 2184 2128 2379 2123 1890 1869 2184 2173 2258 1772 1453 1732 2166 2200 2080 1984 3166 3314 1680 2206 2484 1993 1397 2158 2056 2480 1827 2261 1793 1535 2083 3545 2587 2121 2079 2251 3160 2461 2130 1691 1985 3066 2154 1826 1577 1567 3093 2118 1962 1424 1934 2004 2384 1535 2072 2173 2288 3335 3046 1920 1706 2488 1810 2082 1805 1787 2082 1915 2197 2462 2283 3706 2405 2199 2088 1508
latency 25.0 99 1986 2500 2005 3971 2167 2436 2258 2032 2519 3296 5052 2173 2470 2218 2080 1663 2432 3188 1934 2282 2086 1661 2342 1976 2261 2092 2157 4296 2001 2543 2391 2450 3025 1961 1872 1995 1980 2071 2298 1881 1679 2258 2393 1718 3784 2922 2079 2433 1996 6184 1971 2326 2226 2980 2150 2680 2575 1823 2329 2337 2607 1889 5782 2163 2062 2412 3645 2235 2066 3504 1644 2673 3290 2270 2285 2006 2248 2021 1968 2280 1735 2677 2238 1812 1643 2408 2026 2229 2185 2054 2807 2438 3271 1753 2269 2369 4264 1897 2686
latency 50.0 100 2659 2811 1937 3610 2636 2188 3635 2283 2177 6910 2212 2047 2477 2093 2533 2351 2359 2584 2549 2407 2101 2196 4085 2027 2072 2518 3145 2388 2460 2070 2389 2039 2304 3764 2277 2080 2867 1997 3551 2058 2438 1782 2342 2489 2315 2092 2713 2105 2532 2585 2499 2211 2192 2386 2014 3721 2915 2626 2488 1881 2207 3844 2473 1870 1963 2129 3094 2287 2115 2307 2281 2457 2335 2906 1944 2095 2681 2389 2570 2673 3993 1984 6026 1949 2060 2779 2540 2445 4093 2432 2655 3857 2243 4464 2196 3528 2391 2172 2082 2317
latency 75.0 99 2548 2216 1900 2397 2733 2923 2906 2391 2293 2728 2671 2569 2325 2555 2548 4522 2714 2137 2565 2313 2734 2622 2392 2491 2717 2416 2615 2688 2561 2409 2539 2618 2284 2320 2257 2485 2717 2255 2460 2470 2927 2509 2959 4484 2884 2694 2105 2504 2577 2886 2546 3301 2868 2369 2814 2847 2239 2552 2708 2541 2058 2276 2687 2322 2543 4947 2262 3367 1920 2637 2538 2416 2329 3648 2459 2697 6088 2179 2644 2693 2356 1935 2306 2695 3328 2407 2114 1955 2615 2732 3288 2569 2641 2929 2649 2658 2662 2480 2256
latency 100.0 99 2095 4303 2879 2945 2928 2403 2866 2815 2867 2471 2231 2592 3146 2610 2488 2865 5577 2965 2364 2394 4323 2841 2511 2732 2569 2088 2388 2395 2413 2760 2639 2918 2402 2783 2451 2447 2512 2420 2686 2973 2889 2834 2990 2168 2388 2914 3012 2704 2332 3537 3068 4933 5364 3778 2882 2475 2741 2412 2821 2972 2377 3136 2751 2763 1987 2751 2758 2841 2801 2473 4121 2918 2300 2512 2900 3840 2872 2865 2175 2935 2739 2210 2989 2763 2710 2416 2779 2493 2564 2563 3075 2817 2813 2810 2741 2677 2120 2321 2578
latency 125.0 99 3250 3016 3048 2973 2641 3293 3067 2913 7405 2896 3299 3232 2714 3070 3077 2640 2728 3395 4968 2615 3080 3601 4699 4457 2261 2234 3924 3372 2714 3084 4076 3088 4321 2732 3479 2567 2977 2804 3236 2834 3148 3144 2350 2607 2478 2562 2940 3712 3264 2231 3338 2694 2643 2879 2667 2920 3234 3100 3084 4577 2288 3637 2423 3325 3352 2355 3071 3378 3617 2929 3020 3465 3122 2396 2579 2792 3083 2862 2605 2271 3174 2982 3157 2481 2474 3250 3015 3083 3104 3226 2680 2990 3156 3310 3074 2747 2700 3527 3376
latency 150.0 100 3229 4246 3355 3060 3210 2475 3522 3688 2709 3456 5213 5264 6153 3452 3318 2613 3463 5406 2710 3599 3422 2603 2846 5570 3367 2988 3412 2925 2552 3234 3447 4023 3004 2866 3843 3756 3459 3571 2803 3109 4365 4536 3901 2795 3009 3126 3117 3873 3418 3059 2342 2913 2715 3089 3438 3470 4175 4205 3149 3903 4977 2913 3663 3261 3258 3829 3121 3251 2999 3047 2374 3105 3429 3278 2894 3352 3589 4876 3017 3712 3232 3286 3620 3600 3565 3032 4107 2720 3540 3049 3022 2778 3185 3486 3689 2608 3627 3580 3445 2834
latency 200.0 99 3483 4518 2781 4192 3593 4363 4506 3230 3719 3572 3251 4212 4097 3956 5504 6304 4287 3492 3312 3642 3044 3495 3253 3931 4641 3493 3657 2855 3734 3965 3641 3237 3308 4145 4057 6328 3902 3479 4098 5354 4978 3318 3601 5091 4615 4124 4016 3181 4449 5147 5242 3990 3824 4667 5025 4037 5271 3554 3720 4045 4013 5331 5105 3743 4214 3339 3231 4595 3300 5959 3079 5191 3490 3577 2745 3408 3658 3045 3005 3541 5383 3659 3741 4699 3107 4320 3124 3731 4053 3962 3457 5670 3536 4152 3004 4024 2895 3809 3855
latency 250.0 99 5075 3121 6387 5382 6119 4996 4560 4096 6868 5185 4059 9125 7917 4326 3860 4435 3992 3315 6797 4795 3993 6192 6913 5853 7782 8295 4610 4428 4941 3573 4254 4135 3993 4117 4561 4354 7966 5083 5749 4925 4960 5728 9504 11011 4971 3817 6782 7188 4204 6298 4759 4923 3575 7869 7160 5681 3135 4056 5292 4816 4370 4957 3725 4321 4084 5001 3890 4139 6968 4103 5735 4977 4984 4623 8697 4600 4975 4790 5043 3965 4310 4453 4441 4612 5109 4369 3911 4908 4146 4943 6051 4059 5852 5227 3838 4168 4005 4771 4808
loss 0.01 99 3662 1587 1743 1820 1648 3066 1640 1980 1704 1652 1338 1999 1798 1751 2254 1682 1585 2168 1657 1668 1935 2129 2022 1668 1580 1482 1611 1911 1680 1626 1383 1692 1447 1421 1654 1722 4527 1942 1597 1678 1681 1762 1620 1648 1660 1688 1595 1847 1356 1770 1810 1607 1646 2167 1599 1663 1801 1718 1473 1872 1940 2043 1333 1778 1411 1675 1719 1752 1657 1577 1628 1651 1544 1684 1626 1907 1822 1832 1801 1675 1718 1635 1509 1736 2621 3535 1671 3186 2066 1665 1644 1652 1832 1621 1705 1699 1692 1570 1757
loss 0.1 99 2874 1828 1687 1558 2867 2075 1632 2692 1810 3136 1811 1886 1734 1903 1377 1649 1466 1366 1907 2060 1631 3054 1737 1643 1883 2033 1632 1634 1645 1623 1769 1397 1814 1667 1589 1791 1433 1784 1662 1585 3150 1861 2355 1681 1741 1543 1817 1703 1705 2537 1480 3000 1379 4853 1468 1867 1972 1760 1629 1660 1852 1890 1827 1861 1627 1649 1616 2617 1704 1663 1627 1978 3233 1672 1699 2066 1674 1902 1681 2487 1769 1385 1825 1415 1626 1758 1642 1689 1723 1624 2789 1586 1594 1710 1681 1594 1659 1380 1633
loss 0.2 100 1614 3070 1334 1656 1735 2010 1634 1421 1629 1785 1975 1719 1886 1611 5027 2046 5130 1838 1898 1627 2553 1780 1878 2057 1587 1864 2034 1745 1702 2967 1632 1990 2023 1720 2331 1812 3062 1617 2402 1741 1481 1623 1940 1774 1921 1654 1535 1600 1711 1724 1964 1463 1712 1584 1691 3056 1977 1682 1711 1970 1730 1648 1661 1775 1714 1406 4393 2313 2026 2129 1929 1907 1639 1480 1768 1702 1613 1669 1774 1824 1705 2786 1708 1857 1699 1829 1623 1797 1676 1849 1718 1782 1613 1664 1608 2052 1872 1761 1694 2039
loss 0.5 99 1699 1425 1639 1701 1979 2059 1766 1477 2010 2144 1585 1643 1619 1747 1767 2275 1938 3570 2089 3176 1732 1941 1700 1719 2063 1964 2836 2310 1783 2733 1727 1682 1358 1489 2305 1617 3119 1668 1683 4848 1774 2034 1791 1570 1752 1815 3701 1648 2804 3639 1722 2878 1692 5700 1577 1908 1898 1921 1978 1867 1397 1701 2003 1671 2013 1870 1666 2077 2838 1805 1753 2004 3210 1746 1828 2321 1860 1830 1584 1947 1623 1708 1608 1681 1724 3603 1785 1876 3483 1893 2121 1839 1818 1760 1797 3207 1467 3099 1660
loss 1.0 99 1701 1846 1652 1837 1920 1936 2237 1836 2297 1938 1818 1731 1450 1770 1829 1613 3469 3840 1769 3867 1695 1798 1542 3224 1612 2815 1781 3692 3400 1573 1812 1700 1803 1652 1734 1828 1922 2252 1884 1701 2270 3234 2161 2162 1768 1751 1828 3452 1975 1865 1952 2836 1950 3423 1840 1817 1755 3079 1878 1838 3041 1902 1729 1796 1809 3285 2997 2160 1709 1642 1808 1725 1679 1996 1893 1647 3788 1995 1678 3331 1792 4727 2087 1575 1757 1869 1595 1801 2020 1718 2741 5367 2054 1929 1582 2876 2490 3365 2848
loss 1.5 99 1724 3127 2028 1885 1755 1703 1797 1545 3206 1873 1862 1789 3152 2105 1930 1685 2074 1871 1896 1950 1669 2039 1873 1776 2152 1787 2331 2145 3099 3773 1932 1820 3386 2074 1859 1866 1882 3092 1753 3030 2300 1974 3329 2049 1721 1924 1977 1813 4021 1943 2058 1826 3321 1636 1665 3715 1740 1717 2480 3400 1794 2302 2537 1752 2321 1965 1855 1670 1708 3091 1644 1768 2082 3110 1752 1646 1878 1813 2239 1673 1624 1781 3095 2024 1732 2169 1788 2246 3162 3564 2029 1684 1959 1753 2123 1916 1893 1619 1599
loss 2.0 99 2566 1880 1824 5201 3737 3585 1783 1723 1683 2164 1729 4079 1857 1786 1797 1723 1613 1866 2263 1812 1667 4248 1845 1859 2228 4491 3087 2991 1820 1907 3634 1615 1796 4785 2216 1869 2343 2053 2245 1474 1855 1766 3329 1772 2259 1793 2015 2387 1660 1767 2293 2109 1745 1926 2213 1971 1818 1642 1880 2409 1996 1742 1767 2262 2063 1827 2225 2017 2903 1900 1835 1941 3677 1903 4923 3221 1769 1748 1721 2630 4048 1826 1802 1593 1848 2012 1825 1648 3371 2328 3398 3040 1829 2495 2043 1834 1786 2271 1899
loss 3.0 99 2972 1477 2397 1788 1851 1903 2575 2016 1844 1875 5866 2078 1937 4175 3819 2004 2318 4058 2315 1789 1914 1788 1964 1568 3001 2101 1859 2605 1720 1893 3767 1818 1702 2913 4074 1899 2003 4369 1953 1982 2500 1684 2410 1754 3687 2551 3117 3782 2955 1863 2010 2665 3454 6049 1829 2087 2261 1782 4052 1693 1816 3808 1845 1810 2366 5438 3585 1884 1791 2023 2227 1956 2203 2824 1700 2716 1798 4065 2196 1695 2033 3731 1531 2123 1813 2749 1764 1612 1512 3112 1533 1797 1890 1981 1807 1813 1777 4569 1834
loss 4.0 99 2266 2299 3328 4429 4196 1868 4921 1787 1758 1525 3772 1911 1828 2259 2131 1752 2774 3029 2317 1710 2030 2035 3187 3125 1952 3013 2788 4602 1889 1699 5654 1639 2030 3475 3945 2086 2453 2025 2402 4191 4135 1734 1602 1869 2198 2111 1963 7757 1793 2164 1853 2375 1648 1852 1864 2013 1768 3801 4315 2106 1813 3144 5331 1765 1969 2212 1814 2771 1857 4807 3627 2133 1861 2778 3646 1793 3226 1702 1957 1766 1615 3890 1967 2063 2072 2841 1860 1831 1655 4110 3513 2222 2226 3568 2666 3139 2349 2789 1789
loss 5.0 100 5989 2051 2165 2473 2523 7574 2053 3119 2427 2162 3802 4342 1823 1756 1925 2030 2100 8236 5225 2309 1535 4501 1858 1754 4519 1765 1562 3523 2239 6114 3705 6003 1538 2423 4895 4375 1877 1747 1664 2644 2617 4956 20000 2613 2143 5110 2336 3255 1833 1760 1978 1907 2292 2288 1806 2177 3395 5314 1768 4009 7502 4715 4596 4829 1798 1890 3491 9850 6435 2972 2070 10457 1938 2481 1990 1784 1657 2788 2058 5822 3155 2986 2342 4341 2839 1880 6913 1901 1730 3662 2811 1826 1793 2555 1574 1565 2058 1831 1763 1916
throughput 1.0 99 20000 20000 20000 20000 20000 20000 20000 20000 20000 20000 20000 20000 20000 20000 20000 20000 20000 20000 20000 20000 20000 20000 20000 20000 20000 20000 20000 20000 20000 20000 20000 20000 20000 20000 20000 20000 20000 20000 20000 20000 20000 20000 20000 20000 20000 20000 20000 20000 20000 20000 20000 20000 20000 20000 20000 20000 20000 20000 20000 20000 20000 20000 20000 20000 20000 20000 20000 20000 20000 20000 20000 20000 20000 20000 20000 20000 20000 20000 20000 20000 20000 20000 20000 20000 20000 20000 20000 20000 20000 20000 20000 20000 20000 20000 20000 20000 20000 20000 20000
throughput 1.25 99 20000 20000 20000 20000 20000 20000 20000 20000 20000 20000 20000 20000 20000 20000 20000 20000 20000 20000 20000 20000 20000 20000 20000 20000 20000 20000 20000 20000 20000 20000 20000 20000 20000 20000 20000 20000 20000 20000 20000 20000 20000 20000 20000 20000 20000 20000 20000 20000 20000 20000 20000 20000 20000 20000 20000 20000 20000 20000 20000 20000 20000 20000 20000 20000 20000 20000 20000 20000 20000 20000 20000 20000 20000 20000 20000 20000 20000 20000 20000 20000 20000 20000 20000 20000 20000 20000 20000 20000 20000 20000 20000 20000 20000 20000 20000 20000 20000 20000 20000
throughput 1.5 99 20000 20000 20000 20000 20000 20000 20000 20000 20000 20000 20000 20000 20000 20000 20000 20000 20000 20000 20000 20000 20000 20000 20000 20000 20000 11465 20000 20000 20000 20000 20000 20000 20000 20000 20000 20000 20000 20000 20000 20000 20000 20000 20000 20000 20000 20000 20000 20000 20000 20000 20000 20000 20000 20000 20000 20000 20000 20000 20000 20000 20000 20000 20000 20000 20000 20000 20000 20000 20000 20000 20000 20000 20000 20000 20000 20000 20000 20000 20000 20000 20000 20000 20000 20000 20000 20000 20000 20000 20000 20000 20000 20000 20000 20000 20000 20000 20000 20000 20000
throughput 1.75 99 20000 20000 11000 20000 11180 11363 11223 20000 11277 11112 11203 11214 20000 11228 20000 11067 11725 20000 11495 20000 20000 20000 20000 11272 11203 10930 20000 11562 11286 11269 11408 20000 20000 20000 20000 11926 11506 20000 11309 11234 11111 10926 11219 20000 11186 20000 11680 11474 11446 11012 20000 20000 10841 20000 10955 20000 11710 10865 20000 20000 20000 20000 11289 20000 20000 20000 20000 11255 11005 20000 11160 11532 20000 11651 11771 20000 11246 11453 20000 20000 11230 20000 20000 11131 11474 20000 11312 11141 20000 11912 11380 20000 11714 20000 11481 20000 11111 20000 20000
throughput 2.0 99 9858 9854 9806 11451 9826 10309 9733 9881 10017 9667 9762 10906 9898 20000 20000 9798 9742 10097 10051 10567 9544 9822 9894 10376 10359 20000 11739 9528 10235 9827 9610 9986 9697 9799 9921 9881 9551 9647 11398 9590 10097 9479 9560 20000 9837 9655 11580 9730 11102 11111 10268 10078 9934 20000 9876 10761 11840 9642 9491 20000 9871 10201 10355 20000 9595 9768 11656 20000 9777 9879 9891 10212 9976 9584 12161 9499 9959 10736 9961 10007 9873 11898 9784 9777 9798 20000 11258 10638 11287 9896 11655 9961 10514 9929 10989 11945 9933 9935 11387
throughput 2.5 99 8059 8148 20000 8026 8061 9469 8066 9482 8014 8398 8857 8048 8029 8051 8424 7971 8063 8641 8050 8094 9317 8054 8155 8148 8070 9138 7870 8026 7984 10860 7737 8008 8034 8058 9997 8040 9830 8280 9792 8095 10549 7951 8042 8034 8122 9255 8018 8001 8098 9730 7846 8064 8229 7980 10009 8462 8455 8152 8070 8128 8007 8193 8115 8055 8026 8045 8025 10193 8066 7739 9578 7889 8110 8294 8104 7986 10017 8059 10468 8050 8000 8069 9510 9801 7819 7860 10374 8076 8204 7789 8130 20000 8079 8022 8425 8198 8021 8124 8126
throughput 3.0 99 6842 6795 6855 6863 6757 8732 7609 6881 6929 7059 6855 6865 9585 6823 6903 6911 7515 6803 7999 6875 6801 6608 6649 6916 6576 6831 6777 6891 9887 6878 6738 6546 6925 6890 6853 6601 7865 6873 6960 6547 6607 6916 6938 6787 6974 8796 7083 7392 6659 7284 6775 6902 6665 6871 8443 7319 8143 6585 6917 6866 6654 6757 8792 6800 6863 6885 6929 7011 6031 9587 10319 6725 6713 7583 8756 7226 6854 6628 6591 6562 7059 6800 6956 6742 6554 6807 9122 6544 6776 8283 6862 7151 6601 6811 7017 6970 7879 8736 7853
throughput 4.0 99 4361 4309 4205 3963 3968 4497 4232 5341 4278 4251 4423 4346 4560 4247 4154 4344 4373 4406 4270 4229 4564 4298 4307 4303 4561 3979 4018 5466 5214 4499 4183 4278 4261 4654 4816 5030 4343 4037 4679 4646 4268 4474 4962 5129 4554 4282 4321 4370 4019 4216 5403 4314 4068 5471 4351 4529 4215 4277 4243 6574 4604 4470 4393 4285 4450 4214 4191 4837 4331 3960 4640 5363 5397 4241 6533 4021 5139 4358 4099 4530 4186 4564 4702 3926 5535 4273 4104 3871 4377 4239 4124 4414 6219 4110 4235 4112 4511 4264 5203
throughput 5.0 99 2727 5183 3347 2889 3387 2621 3096 5183 3456 4597 3373 3042 2948 3117 3262 6129 3561 2877 5115 3908 5009 3300 3193 3253 3258 2892 3871 3328 3435 3131 4059 3243 3257 3259 3170 5001 2853 2947 3231 3190 2911 4155 3414 6183 3087 3165 3524 3069 2856 3143 3165 3346 3586 3135 3162 5508 2931 2713 2985 3313 3358 3209 3459 3981 3039 3207 3237 3112 3852 3069 2945 3593 3121 2970 2873 2977 4309 4823 4228 4310 3274 2950 3004 4843 3028 4541 3214 3021 3036 2975 3136 3479 3579 2987 3192 2696 3124 2984 2956
throughput 7.5 99 2530 2092 2305 2310 2410 2150 2101 1774 2369 2230 2200 1776 1879 2061 1852 2019 1884 1992 1931 2244 2928 1751 2015 1714 2338 1881 1942 2364 2103 2162 2038 2054 1825 2107 2158 2208 3806 2450 1991 3228 2782 1830 1724 2221 1971 2536 2336 1970 3027 2207 2071 2183 1874 2216 2387 5640 1885 2274 3241 1982 2337 2088 1952 1953 2070 1541 3024 2041 1958 1869 2034 2004 2390 2040 4052 2414 3938 2140 1945 1949 2101 4323 2007 2079 4665 2687 2059 2101 2026 2273 1964 1943 2044 2072 1832 2500 2716 1751 2031
throughput 10.0 68 4654 1636 2231 2012 2240 2005 2395 3348 2135 1966 2497 2117 2255 2078 2274 2191 2232 2255 2291 2042 2095 1866 1793 2182 2165 2162 1590 1893 1860 1830 1820 2294 2132 2057 2070 2106 2114 5193 3940 3388 2022 2055 2038 1963 2019 1709 2083 1982 2242 3781 1806 1936 2039 1933 2225 5820 3982 3085 2235 1973 1940 1837 2075 1653 2186 2911 1830 1813

