latency 10.0 35 6416.0 4259.0 5207.0 6403.0 4630.0 5170.0 5678.0 6823.0 5456.0 5379.0 5363.0 5360.0 5245.0 6016.0 6496.0 6485.0 6917.0 7020.0 7219.0 5924.0 6887.0 6535.0 7019.0 6359.0 7054.0 6038.0 6968.0 7285.0 5151.0 6561.0 6514.0 5971.0 6314.0 5830.0 5347.0
latency 15.0 38 5322.0 5584.0 5685.0 6921.0 5326.0 5691.0 5619.0 5510.0 6481.0 5392.0 5716.0 6069.0 5551.0 5320.0 5462.0 6340.0 6244.0 6624.0 6585.0 6672.0 6161.0 6325.0 6317.0 5931.0 5764.0 5075.0 6730.0 6654.0 5955.0 6112.0 5965.0 5988.0 5425.0 5926.0 5954.0 6081.0 5896.0 5947.0
latency 25.0 37 5617.0 6013.0 5886.0 6349.0 5771.0 5892.0 4852.0 6302.0 6549.0 6639.0 5370.0 5300.0 6143.0 6173.0 6710.0 6710.0 6484.0 5283.0 6044.0 6594.0 4219.0 6234.0 6322.0 5594.0 6167.0 5937.0 6722.0 6689.0 7805.0 7493.0 6286.0 7653.0 7978.0 6817.0 7070.0 6705.0 7137.0
latency 50.0 38 7820.0 5348.0 8539.0 7888.0 7798.0 7789.0 7163.0 9027.0 7619.0 8825.0 9061.0 7814.0 7926.0 7606.0 7083.0 7279.0 7605.0 6823.0 6939.0 5437.0 8453.0 6951.0 7090.0 6688.0 5794.0 7452.0 6848.0 6833.0 7361.0 6450.0 5367.0 7953.0 7522.0 6912.0 9693.0 7262.0 7502.0 8034.0
latency 75.0 37 7564.0 8603.0 11145.0 7801.0 8961.0 8042.0 9418.0 8928.0 8750.0 8860.0 8794.0 7758.0 7536.0 10419.0 7780.0 8729.0 9256.0 7012.0 5948.0 8200.0 8548.0 8418.0 7724.0 8002.0 7377.0 7868.0 7398.0 7981.0 7297.0 7724.0 8293.0 8243.0 8504.0 7196.0 8437.0 9082.0 8431.0
latency 100.0 38 8366.0 7879.0 8747.0 8831.0 8128.0 10060.0 8430.0 7929.0 8952.0 8677.0 8075.0 8847.0 8464.0 9085.0 9411.0 9054.0 10378.0 10374.0 9105.0 8707.0 15542.0 9164.0 8262.0 8339.0 10031.0 7981.0 9453.0 9731.0 9094.0 9518.0 10407.0 9893.0 9770.0 9547.0 8637.0 9318.0 9757.0 9343.0
latency 125.0 37 10973.0 11395.0 10384.0 10515.0 8980.0 8662.0 9625.0 9325.0 10662.0 9793.0 9719.0 8905.0 8743.0 9155.0 9218.0 9680.0 9056.0 8215.0 9148.0 10500.0 8313.0 8007.0 9663.0 8818.0 8973.0 8836.0 8913.0 9270.0 9010.0 9372.0 9646.0 10431.0 10430.0 7337.0 10724.0 9763.0 9642.0
latency 150.0 38 9650.0 10453.0 11596.0 11034.0 10409.0 9719.0 10333.0 9866.0 9736.0 10032.0 9295.0 12620.0 10012.0 9948.0 12588.0 9484.0 12601.0 9706.0 9878.0 8847.0 12747.0 10589.0 10447.0 11028.0 10127.0 10687.0 13387.0 9569.0 9815.0 9666.0 10668.0 9509.0 10532.0 9489.0 9533.0 9778.0 9731.0 9550.0
latency 200.0 37 9629.0 10950.0 10975.0 10396.0 13231.0 11453.0 11368.0 11313.0 13228.0 11358.0 13170.0 11306.0 30000 12433.0 11822.0 12334.0 12577.0 12321.0 12221.0 12658.0 12964.0 11860.0 13142.0 11502.0 12851.0 12904.0 15022.0 13613.0 13750.0 13907.0 14484.0 15117.0 30000 15253.0 15479.0 14480.0 30000
latency 250.0 38 15485.0 30000 30000 30000 30000 15179.0 15115.0 30000 30000 30000 30000 30000 30000 30000 30000 30000 15225.0 14354.0 30000 12965.0 11932.0 13358.0 12703.0 14558.0 12386.0 15313.0 13414.0 11733.0 13092.0 14209.0 12046.0 11992.0 12389.0 13305.0 11687.0 13791.0 12366.0 12128.0
loss 0.01 38 8852.0 5168.0 4505.0 5789.0 5832.0 6377.0 5407.0 5748.0 5440.0 5258.0 4860.0 5391.0 5017.0 5064.0 5859.0 5556.0 4716.0 5287.0 5469.0 5004.0 4398.0 4990.0 5160.0 4636.0 7135.0 4728.0 5259.0 5460.0 4965.0 5490.0 4558.0 5081.0 4982.0 4835.0 5616.0 30000 5004.0 4914.0
loss 0.1 37 4983.0 5213.0 4858.0 5849.0 5554.0 6402.0 6386.0 5823.0 5572.0 6285.0 5888.0 6604.0 5314.0 6583.0 6232.0 4928.0 4741.0 5492.0 4794.0 4988.0 4358.0 5407.0 4864.0 5650.0 5065.0 5158.0 5014.0 4983.0 5603.0 5109.0 6166.0 5913.0 6184.0 6412.0 6040.0 5976.0 6749.0
loss 0.2 38 6728.0 7379.0 6411.0 5596.0 5182.0 5401.0 5194.0 5596.0 5690.0 5161.0 5135.0 5830.0 8120.0 4478.0 5497.0 5532.0 5896.0 5606.0 6520.0 6548.0 5526.0 5916.0 5346.0 5685.0 5873.0 5251.0 6127.0 5107.0 5020.0 5521.0 5611.0 5175.0 5067.0 5375.0 5803.0 6116.0 5071.0 5320.0
loss 0.5 37 5533.0 5879.0 6256.0 5381.0 5171.0 5062.0 5501.0 5113.0 5266.0 5548.0 5868.0 5842.0 5479.0 5772.0 5600.0 6016.0 5318.0 6421.0 5733.0 5629.0 6037.0 6986.0 5570.0 6052.0 6005.0 5543.0 5592.0 5559.0 6152.0 6033.0 5750.0 5696.0 5996.0 5627.0 5636.0 6062.0 6697.0
loss 1.0 38 6218.0 6191.0 6249.0 6314.0 5917.0 8556.0 7160.0 6471.0 6331.0 6167.0 5816.0 6809.0 7238.0 6689.0 7293.0 6428.0 6981.0 6552.0 5999.0 6225.0 6164.0 6039.0 6402.0 6102.0 4851.0 6637.0 6316.0 6058.0 7034.0 6774.0 7214.0 7067.0 6278.0 6467.0 6347.0 4833.0 6123.0 5908.0
loss 1.5 37 6580.0 6120.0 6796.0 6168.0 7157.0 7304.0 6914.0 6922.0 5615.0 7503.0 6754.0 6607.0 5749.0 7514.0 7141.0 6450.0 7229.0 7652.0 6353.0 8744.0 6992.0 6426.0 6163.0 6373.0 5909.0 7013.0 5817.0 6415.0 6676.0 7107.0 8267.0 6747.0 5925.0 6025.0 3820.0 6804.0 5625.0
loss 2.0 38 7404.0 5460.0 6829.0 5192.0 5240.0 5846.0 5919.0 5902.0 6501.0 5610.0 5730.0 5939.0 5761.0 8430.0 5711.0 5679.0 6535.0 6491.0 4739.0 6098.0 6296.0 6024.0 6310.0 6501.0 7721.0 7842.0 7044.0 7523.0 10866.0 7108.0 9226.0 5869.0 6574.0 7001.0 6665.0 7187.0 11587.0 7665.0
loss 3.0 37 7422.0 6300.0 7615.0 6703.0 6800.0 7495.0 7005.0 6995.0 7951.0 9617.0 6447.0 6851.0 6263.0 5568.0 6180.0 10639.0 6131.0 10047.0 7672.0 6406.0 10404.0 9763.0 6459.0 7057.0 7132.0 6711.0 7250.0 11052.0 11152.0 11030.0 9491.0 6800.0 7397.0 7427.0 7330.0 9570.0 6517.0
loss 4.0 38 7428.0 7714.0 12637.0 6772.0 6672.0 9879.0 7479.0 8441.0 8776.0 11332.0 10560.0 8362.0 10474.0 11570.0 10226.0 8109.0 7816.0 7667.0 7341.0 6471.0 8349.0 8735.0 8183.0 7458.0 7676.0 10778.0 9899.0 8410.0 10386.0 7881.0 7621.0 9585.0 9943.0 8865.0 11668.0 6644.0 6695.0 5872.0
loss 5.0 37 10487.0 7979.0 7910.0 10057.0 8589.0 7588.0 7356.0 7764.0 11420.0 7639.0 8521.0 10748.0 11327.0 7471.0 8198.0 7446.0 10219.0 11373.0 10568.0 7661.0 8023.0 8718.0 7125.0 8840.0 8328.0 8502.0 30000 13580.0 8171.0 11634.0 7280.0 11539.0 8916.0 11260.0 7372.0 10986.0 6946.0
throughput 1.0 37 10408.0 30000 30000 30000 30000 30000 30000 30000 30000 30000 30000 30000 30000 30000 30000 25353.0 30000 30000 30000 30000 30000 30000 30000 30000 30000 30000 30000 30000 30000 30000 30000 30000 30000 30000 30000 30000 30000
throughput 1.25 36 30000 15095.0 30000 15139.0 30000 30000 30000 15059.0 30000 30000 30000 30000 30000 15353.0 30000 30000 30000 30000 15167.0 30000 30000 30000 15008.0 30000 30000 14094.0 14318.0 14943.0 30000 15089.0 15653.0 14413.0 12219.0 30000 13803.0 12397.0
throughput 1.5 38 30000 13153.0 12686.0 14729.0 12717.0 13117.0 11725.0 12842.0 13922.0 11180.0 10233.0 9965.0 14030.0 13253.0 13632.0 15437.0 14476.0 13216.0 15220.0 12834.0 15349.0 12879.0 14457.0 14066.0 13762.0 14845.0 13906.0 30000 15637.0 30000 12489.0 14121.0 14247.0 14910.0 12933.0 15656.0 30000 14341.0
throughput 1.75 37 11358.0 30000 13904.0 9609.0 10994.0 9829.0 10112.0 12436.0 30000 11637.0 10351.0 12516.0 11279.0 11882.0 13780.0 10166.0 11469.0 8034.0 8864.0 30000 10551.0 10607.0 30000 8072.0 9944.0 12418.0 10928.0 12538.0 10780.0 10853.0 12559.0 11166.0 11151.0 9713.0 9928.0 10748.0 10964.0
throughput 2.0 38 11992.0 7003.0 7089.0 7675.0 8298.0 9128.0 8911.0 10007.0 10605.0 30000 10656.0 9203.0 10410.0 10203.0 30000 10430.0 8780.0 30000 30000 9602.0 9310.0 10104.0 13188.0 11176.0 30000 9350.0 10654.0 30000 13606.0 8691.0 9092.0 10513.0 30000 9778.0 9319.0 9824.0 11900.0 30000
throughput 2.5 37 8416.0 7097.0 8834.0 30000 7596.0 30000 6861.0 6438.0 30000 11617.0 11705.0 30000 7312.0 7338.0 7004.0 6792.0 8940.0 953.0 9019.0 30000 7843.0 7332.0 6907.0 7118.0 10800.0 7145.0 30000 6647.0 7474.0 5819.0 6828.0 30000 30000 8149.0 30000 6583.0 30000
throughput 3.0 38 7668.0 6214.0 6812.0 30000 6296.0 5956.0 7140.0 6565.0 6012.0 5541.0 5722.0 5923.0 5199.0 6512.0 5861.0 4918.0 5696.0 5474.0 5049.0 8390.0 5363.0 5942.0 6005.0 4956.0 9675.0 7807.0 7311.0 8709.0 5541.0 5775.0 5000.0 5216.0 5216.0 5881.0 8962.0 5376.0 5495.0 5274.0
throughput 4.0 37 5217.0 4016.0 4564.0 4192.0 4052.0 8552.0 3948.0 4472.0 4249.0 4294.0 4021.0 5567.0 4379.0 4605.0 3956.0 4112.0 4372.0 4204.0 4531.0 4052.0 3959.0 4036.0 5669.0 4415.0 4131.0 4552.0 4075.0 4140.0 4552.0 4263.0 4354.0 4004.0 4048.0 4667.0 3888.0 4362.0 5646.0
throughput 5.0 38 4432.0 3723.0 3452.0 3488.0 3395.0 4591.0 3781.0 3867.0 3450.0 4005.0 4396.0 3721.0 5017.0 3669.0 3511.0 3641.0 3502.0 4993.0 3836.0 3689.0 3577.0 3469.0 4313.0 3530.0 3561.0 3463.0 4461.0 4090.0 3870.0 4075.0 3387.0 4134.0 3965.0 3594.0 4180.0 3568.0 3675.0 4128.0
throughput 7.5 37 4008.0 3836.0 2782.0 3563.0 4637.0 3357.0 2983.0 4527.0 3014.0 3161.0 3160.0 3329.0 3290.0 3224.0 3419.0 3746.0 2962.0 3056.0 4525.0 4853.0 3028.0 3344.0 2974.0 3060.0 2903.0 3467.0 3094.0 2774.0 3103.0 2988.0 3154.0 3852.0 3062.0 3139.0 3552.0 3097.0 2924.0
throughput 10.0 47 2788.0 4250.0 3371.0 3157.0 3085.0 3179.0 3032.0 4049.0 4328.0 4211.0 2879.0 4082.0 3196.0 3150.0 2815.0 3097.0 2724.0 2894.0 4526.0 3554.0 4740.0 2986.0 3119.0 3213.0 2826.0 4349.0 4401.0 3135.0 3057.0 3016.0 2967.0 2835.0 2928.0 2966.0 4442.0 2763.0 2890.0 2743.0 3004.0 2842.0 2890.0 2839.0 4205.0 3785.0 3289.0 3009.0 2883.0

